  10.0    1.00120    1.00223
  11.0    1.00091    1.00209
  12.0    1.00067    1.00197
  13.0    1.00047    1.00186
  14.0    1.00032    1.00177
  15.0    1.00021    1.00169
  16.0    1.00012    1.00162
  17.0    1.00006    1.00156
  18.0    1.00003    1.00150
  19.0    1.00001    1.00145
  20.0    1.00000    1.00140
  21.0    1.00000    1.00135
  22.0    1.00002    1.00131
  23.0    1.00004    1.00127
  24.0    1.00006    1.00123
  25.0    1.00008    1.00119
  26.0    1.00011    1.00115
  27.0    1.00013    1.00112
  28.0    1.00016    1.00108
  29.0    1.00018    1.00105
  30.0    1.00020    1.00102
  31.0    1.00022    1.00099
  32.0    1.00024    1.00096
  33.0    1.00025    1.00093
  34.0    1.00026    1.00090
  35.0    1.00027    1.00087
  36.0    1.00028    1.00084
  37.0    1.00029    1.00081
  38.0    1.00029    1.00078
  39.0    1.00029    1.00075
  40.0    1.00029    1.00072
  41.0    1.00029    1.00070
  42.0    1.00029    1.00067
  43.0    1.00029    1.00064
  44.0    1.00028    1.00062
  45.0    1.00028    1.00059
  46.0    1.00027    1.00057
  47.0    1.00026    1.00054
  48.0    1.00025    1.00052
  49.0    1.00024    1.00049
  50.0    1.00023    1.00047
  51.0    1.00022    1.00044
  52.0    1.00021    1.00042
  53.0    1.00019    1.00040
  54.0    1.00018    1.00037
  55.0    1.00017    1.00035
  56.0    1.00016    1.00033
  57.0    1.00014    1.00031
  58.0    1.00013    1.00028
  59.0    1.00011    1.00026
  60.0    1.00010    1.00024
  61.0    1.00008    1.00022
  62.0    1.00007    1.00020
  63.0    1.00005    1.00018
  64.0    1.00004    1.00016
  65.0    1.00002    1.00014
  66.0    1.00001    1.00012
  67.0    0.99999    1.00010
  68.0    0.99998    1.00008
  69.0    0.99996    1.00006
  70.0    0.99995    1.00004
  71.0    0.99993    1.00002
  72.0    0.99992    1.00000
  73.0    0.99990    0.99998
  74.0    0.99989    0.99996
  75.0    0.99987    0.99995
  76.0    0.99986    0.99993
  77.0    0.99984    0.99991
  78.0    0.99983    0.99989
  79.0    0.99981    0.99988
  80.0    0.99980    0.99986
  81.0    0.99979    0.99984
  82.0    0.99977    0.99983
  83.0    0.99976    0.99981
  84.0    0.99974    0.99979
  85.0    0.99973    0.99978
  86.0    0.99971    0.99976
  87.0    0.99970    0.99975
  88.0    0.99969    0.99973
  89.0    0.99967    0.99972
  90.0    0.99966    0.99970
  91.0    0.99965    0.99969
  92.0    0.99963    0.99967
  93.0    0.99962    0.99966
  94.0    0.99961    0.99964
  95.0    0.99959    0.99963
  96.0    0.99958    0.99962
  97.0    0.99957    0.99960
  98.0    0.99956    0.99959
  99.0    0.99954    0.99957
 100.0    0.99953    0.99956
