  10.0    0.99916    1.00473    1.00108
  11.0    0.99939    1.00467    1.00073
  12.0    0.99958    1.00460    1.00041
  13.0    0.99974    1.00454    1.00013
  14.0    0.99987    1.00448    0.99989
  15.0    0.99998    1.00443    0.99966
  16.0    1.00008    1.00438    0.99946
  17.0    1.00015    1.00433    0.99928
  18.0    1.00022    1.00428    0.99911
  19.0    1.00027    1.00424    0.99896
  20.0    1.00031    1.00419    0.99882
  21.0    1.00035    1.00415    0.99870
  22.0    1.00038    1.00411    0.99858
  23.0    1.00040    1.00408    0.99847
  24.0    1.00042    1.00404    0.99837
  25.0    1.00043    1.00401    0.99827
  26.0    1.00044    1.00398    0.99818
  27.0    1.00045    1.00394    0.99810
  28.0    1.00046    1.00391    0.99802
  29.0    1.00046    1.00389    0.99795
  30.0    1.00046    1.00386    0.99788
  31.0    1.00045    1.00383    0.99782
  32.0    1.00045    1.00381    0.99776
  33.0    1.00044    1.00378    0.99770
  34.0    1.00043    1.00376    0.99765
  35.0    1.00042    1.00374    0.99760
  36.0    1.00041    1.00371    0.99755
  37.0    1.00040    1.00369    0.99750
  38.0    1.00039    1.00367    0.99746
  39.0    1.00038    1.00365    0.99742
  40.0    1.00037    1.00363    0.99738
  41.0    1.00035    1.00362    0.99734
  42.0    1.00034    1.00360    0.99730
  43.0    1.00032    1.00358    0.99727
  44.0    1.00031    1.00357    0.99723
  45.0    1.00029    1.00355    0.99720
  46.0    1.00028    1.00353    0.99717
  47.0    1.00026    1.00352    0.99714
  48.0    1.00024    1.00351    0.99711
  49.0    1.00023    1.00349    0.99709
  50.0    1.00021    1.00348    0.99706
  51.0    1.00019    1.00346    0.99703
  52.0    1.00018    1.00345    0.99701
  53.0    1.00016    1.00344    0.99699
  54.0    1.00014    1.00343    0.99696
  55.0    1.00013    1.00342    0.99694
  56.0    1.00011    1.00341    0.99692
  57.0    1.00009    1.00339    0.99690
  58.0    1.00008    1.00338    0.99688
  59.0    1.00006    1.00337    0.99686
  60.0    1.00004    1.00336    0.99684
  61.0    1.00003    1.00335    0.99682
  62.0    1.00001    1.00335    0.99680
  63.0    0.99999    1.00334    0.99679
  64.0    0.99998    1.00333    0.99677
  65.0    0.99996    1.00332    0.99675
  66.0    0.99994    1.00331    0.99674
  67.0    0.99993    1.00330    0.99672
  68.0    0.99991    1.00330    0.99671
  69.0    0.99989    1.00329    0.99669
  70.0    0.99988    1.00328    0.99668
  71.0    0.99986    1.00327    0.99666
  72.0    0.99985    1.00327    0.99665
  73.0    0.99983    1.00326    0.99663
  74.0    0.99982    1.00325    0.99662
  75.0    0.99980    1.00325    0.99661
  76.0    0.99979    1.00324    0.99660
  77.0    0.99977    1.00324    0.99658
  78.0    0.99976    1.00323    0.99657
  79.0    0.99974    1.00322    0.99656
  80.0    0.99973    1.00322    0.99655
  81.0    0.99971    1.00321    0.99653
  82.0    0.99970    1.00321    0.99652
  83.0    0.99968    1.00320    0.99651
  84.0    0.99967    1.00320    0.99650
  85.0    0.99966    1.00319    0.99649
  86.0    0.99964    1.00319    0.99648
  87.0    0.99963    1.00319    0.99647
  88.0    0.99962    1.00318    0.99646
  89.0    0.99960    1.00318    0.99645
  90.0    0.99959    1.00317    0.99644
  91.0    0.99958    1.00317    0.99643
  92.0    0.99956    1.00317    0.99642
  93.0    0.99955    1.00316    0.99641
  94.0    0.99954    1.00316    0.99640
  95.0    0.99952    1.00316    0.99639
  96.0    0.99951    1.00315    0.99638
  97.0    0.99950    1.00315    0.99637
  98.0    0.99949    1.00315    0.99636
  99.0    0.99948    1.00314    0.99635
 100.0    0.99946    1.00314    0.99634
